123 55 27
54 92 28
110 92 27
86 71 1
34 123 20
86 79 14
117 122 24
101 79 18
122 34 7
101 122 29
102 110 30
40 34 18
82 79 14
111 53 27
92 102 14
122 92 25
54 101 30
123 34 21
53 86 29
79 117 12
110 82 3
71 82 30
34 52 9
86 34 1
34 115 26
92 110 15
117 54 4
101 117 2
82 101 25
34 55 15
53 52 11
123 71 5
34 102 2
67 79 2
71 111 20
110 55 8
34 40 17
40 53 23
53 92 22
82 92 11
123 102 6
101 82 19
52 54 5
34 110 9
122 101 13
34 101 17
86 92 15
55 67 19
92 86 17
101 52 9
92 34 28
122 53 17
117 40 18
123 52 12
115 92 23
53 79 2
122 111 22
117 123 12
52 67 25
102 101 25
34 86 27
79 101 18
117 92 24
123 117 11
115 111 1
123 92 18
110 86 4
86 117 22
79 122 20
53 102 28
123 40 6
67 34 18
71 67 18
92 122 24
40 117 30
53 115 22
86 122 30
92 71 13
67 111 15
123 79 14
122 86 5
92 82 5
53 40 28
102 82 11
117 52 5
92 52 10
110 67 24
115 67 26
40 79 2
86 102 30
111 67 18
111 55 9
117 111 26
52 110 23
115 101 22
111 101 13
82 67 10
52 40 30
115 52 2
54 110 18
111 82 19
79 53 1
71 34 29
123 101 13
115 71 8
117 82 12
71 110 11
54 55 1
53 54 25
34 111 7
115 102 17
71 115 5
55 101 30
79 115 3
102 53 24
92 79 13
71 123 9
67 117 30
102 92 28
82 115 22
82 110 27
111 71 15
54 122 30
34 92 26
40 67 13
101 54 28
102 117 20
53 122 1
79 102 13
110 102 29
123 122 1
40 101 3
67 53 28
54 123 11
102 123 27
111 102 25
110 53 18
86 52 15
102 79 10
110 52 11
67 122 30
82 71 25
86 67 1
40 92 3
111 122 30
40 71 22
117 79 15
55 54 12
102 52 21
86 55 6
40 82 2
34 53 19
52 101 12
102 54 22
54 53 28
52 123 20
115 54 27
71 52 3
102 55 22
54 86 11
67 40 5
111 86 30
115 123 26
101 71 6
40 115 24
67 115 20
123 115 16
40 52 4
55 122 9
86 40 2
54 79 25
82 54 25
79 92 24
79 40 27
110 111 9
115 53 8
110 79 20
40 55 8
52 115 18
102 111 4
115 55 18
79 86 5
71 53 26
67 86 2
71 55 10
101 92 19
52 92 26
40 54 7
92 40 19
102 67 12
117 67 17
122 117 21
53 34 10
67 54 6
101 115 17
79 82 23
111 123 5
40 122 25
122 67 30
101 34 26
55 53 30
82 40 3
52 82 18
117 101 28
82 111 22
54 71 29
71 122 25
34 54 3
122 115 29
52 34 12
71 117 11
122 79 12
54 82 26
82 86 12
82 52 20
53 71 24
55 115 5
110 122 29
55 34 16
101 53 19
79 71 14
52 102 8
110 123 18
123 110 23
79 111 5
123 82 14
101 102 10
82 123 18
86 115 15
67 92 6
67 82 10
53 82 14
92 54 28
79 67 5
111 79 24
79 34 17
40 111 5
92 115 8
86 111 9
52 79 5
111 40 18
40 86 25
55 123 27
117 102 9
82 102 7
111 115 19
55 40 18
82 53 4
92 117 25
79 55 14
82 55 13
122 71 20
92 111 20
79 123 25
92 67 2
53 55 18
111 110 16
86 110 15
111 54 4
122 54 12
54 111 21
40 110 2
117 115 24
55 79 20
101 86 6
55 111 25
92 55 23
54 67 22
115 79 11
117 71 27
79 52 4
117 110 3
55 71 1
79 54 21
101 111 12
115 117 8
67 52 3
86 82 11
55 102 6
102 40 16
86 101 28
102 86 5
122 102 28
54 40 27
54 102 8
110 115 11
111 52 15
52 117 21
34 79 24
123 86 13
55 110 30
67 123 22
52 55 27
34 117 2
34 122 15
40 102 2
101 67 4
34 67 15
110 117 10
110 71 12