116 33 14
78 52 8
123 49 2
101 118 30
44 82 18
52 33 15
33 82 25
67 116 17
123 118 30
90 79 27
118 79 13
79 103 5
92 79 26
67 82 16
33 49 1
101 38 7
118 67 8
90 78 16
101 116 16
116 82 20
92 87 15
49 82 20
78 106 6
106 49 5
115 103 19
74 52 25
52 116 5
79 82 4
123 52 5
92 101 25
74 49 28
74 118 28
49 79 12
44 101 17
92 116 1
44 49 9
123 67 23
52 67 9
49 87 27
74 38 13
78 118 7
115 38 15
101 33 26
87 82 7
78 87 15
106 87 9
90 33 16
92 67 8
74 87 16
44 116 9
78 82 3
78 67 27
106 79 26
90 44 27
90 118 26
92 103 4
90 101 30
118 33 15
44 67 4
82 103 20
33 87 8
106 33 24
78 49 8
38 49 23
92 118 7
90 115 5
90 38 19
38 82 17
115 118 20
90 87 3
67 49 4
92 52 12
101 103 11
90 67 18
79 87 6
101 87 11
115 101 9
115 33 8
123 38 18
38 116 6
115 123 20
44 33 10
123 33 13
115 78 20
49 103 6
90 49 5
115 67 23
115 44 13
67 103 2
74 116 3
101 67 27
118 38 11
101 52 19
115 116 19
90 123 15
38 67 22
67 33 10
52 82 15
74 106 6
78 33 6
52 103 23
115 79 17
52 87 5
101 79 9
106 103 25
74 33 16
101 49 18
78 101 6
118 87 24
44 38 20
101 123 22
123 79 18
74 67 18
116 87 3
52 49 14
118 106 20
92 82 25
118 103 2
78 116 7
78 123 4
118 52 20
118 82 17
78 79 10
44 106 19
116 106 12
44 78 12
44 74 23
118 49 23
67 106 3
38 52 15
115 52 15
115 106 26
44 87 20
67 87 21
90 74 14
115 82 2
78 74 1
101 74 9
74 123 6
44 123 1
118 116 28
44 52 12
90 103 17
92 49 22
44 79 9
90 116 18
38 79 7
38 87 30
52 106 13
44 103 12
115 74 6
90 52 17
115 49 27
92 74 1
92 106 5
74 79 9
116 49 27
101 106 1
52 79 28
38 106 27
90 106 15
92 33 20
44 92 10
115 87 28
78 38 13
101 82 12
123 103 21
67 79 23
78 103 13
123 87 22
106 82 17
116 103 13
123 82 4
115 92 11
90 82 15
90 92 20
74 103 10
33 103 18
92 123 15
74 82 21
