75 117 288 
117 100 215
114 96 4
115 59 42
100 65 121
114 45 127
33 117 50
115 84 210
84 65 13
70 72 191
65 84 54
75 70 28
88 100 30
70 100 97
75 33 93
100 59 51
88 94 272
33 59 194
100 75 213
59 65 56
94 88 151
33 65 230
117 115 76
33 72 12
94 70 274
45 114 288
75 115 103
94 75 55
114 59 242
75 72 212
88 33 113
100 115 128
72 94 201
100 33 140
117 72 6
45 100 237
115 100 124
117 33 56
45 84 117
96 88 164
94 59 246
70 94 211
94 117 104
70 75 203
59 45 81
117 96 275
33 96 277
33 84 159
72 84 12
72 117 52
117 75 17
59 75 219
72 88 185
96 70 157
45 65 126
72 114 55
33 70 247
88 45 131
115 114 183
94 114 69
115 65 140
115 96 171
75 59 88
115 45 164
59 117 153
45 115 199
72 70 162
70 65 261
33 45 148
84 100 217
115 117 278
72 45 257
94 65 158
117 45 100
84 117 92
115 72 156
70 84 167
33 94 123
70 88 178
115 70 132