118 66 180 
121 123 141
71 59 124
70 121 140
70 54 210
87 66 275
54 123 90
35 59 214
123 87 204
71 54 120
66 118 129
83 123 191
87 74 49
91 99 94
113 87 247
119 96 144
119 123 20
99 87 83
87 71 244
71 74 234
77 35 278
59 83 112
121 91 268
118 83 247
118 113 42
113 37 60
120 87 139
70 113 139
96 73 29
57 93 153
119 54 17
121 63 184
99 57 208
91 59 100
73 119 102
91 121 150
99 77 138
63 99 227
63 113 268
59 63 267
40 99 155
37 73 195
123 121 294
77 91 214
66 87 260
66 71 114
113 40 220
93 120 255
59 119 86
119 83 225
40 77 231
73 99 238
73 71 202
119 70 96
121 119 95
118 99 103
87 59 186
63 93 282
54 91 237
121 120 146
40 63 91
123 35 41
120 35 34
40 74 78
120 118 87
74 35 12
96 74 288
63 77 134
123 119 5
37 113 16
35 63 17
63 37 159
40 57 12
54 121 48
40 96 112
87 54 63
71 118 256
63 123 196
121 96 112
70 123 106
57 121 290
57 73 147
118 121 273
73 118 264
54 87 166
73 54 31
91 40 84
71 119 148
71 99 114
93 37 216
54 113 87
91 93 135
118 40 157
113 63 126
66 70 98
121 99 146
87 35 101
77 83 28
118 87 173
35 77 130
54 74 257
63 83 242
77 63 160
96 40 163
120 37 207
35 54 148
74 120 2
77 123 129
119 71 189
120 59 65
59 118 109
54 119 163
123 96 241
123 66 217
70 87 78
74 57 199
70 37 76
74 59 4
37 63 10
113 59 64
93 118 43
96 87 282
120 54 128
73 40 155
70 74 45
119 73 36
71 35 71
74 87 278
77 37 41
83 118 124
57 87 33
96 54 266
59 40 278
93 91 219
96 113 32
121 54 126
37 123 118
66 59 101
77 66 62
35 93 48
99 121 174
93 73 153
120 74 291
83 57 60
73 91 241
57 91 232
59 57 250
35 113 33
123 91 42
54 70 30
54 83 49
99 96 216
93 83 82
121 71 188
113 119 190
96 120 52
71 123 285
71 40 295
96 123 19
54 120 138
121 70 278
118 123 12
77 57 93
113 96 134
71 70 231
35 96 294
77 73 19
99 73 105
73 66 107
119 99 162
113 66 94
40 121 151
113 57 233
59 71 3
123 37 177
71 77 189
120 123 281
83 99 264
35 99 174
57 83 269
119 118 164
59 54 27
118 63 83
74 40 129
96 121 87
83 37 274
54 77 291
70 120 89
59 120 262
37 59 258
93 74 169
93 57 46
121 74 219
91 123 243
119 91 262
63 73 285
87 73 207
59 123 142
83 35 222
123 77 153
91 113 86
66 57 115
99 113 299
70 118 138
70 35 156
99 63 287
99 59 151
119 121 140
74 73 236
63 121 169
91 96 134
113 73 82
91 87 175
35 120 96
91 71 212
96 66 37
123 59 224
120 121 285
77 70 116
120 66 69
71 66 166
113 123 211
119 63 107
54 118 273
77 118 118
57 74 47
87 96 167
63 35 40
71 73 208
87 113 125
40 118 149
83 91 208
77 93 234
99 74 117
113 70 147
37 66 26
70 57 54
87 120 44
118 73 143
120 40 201
77 59 220
96 93 52
59 77 278
91 57 198
87 91 164
119 93 292
37 119 106
71 93 202
73 87 259
113 118 74
35 87 18
73 83 241
57 66 240
87 83 10
66 119 272
118 93 283
118 120 74
120 99 64
83 40 68
121 40 92
91 74 10
73 120 238
70 77 60
71 37 25
71 91 289
120 119 269
77 40 217
120 91 19
123 63 207
71 63 69
59 99 233
83 63 219
40 70 267
93 71 45
59 74 206
35 71 294
66 121 107
74 96 57
73 123 279
91 63 185
96 59 31
70 119 86
40 93 161
83 73 1
40 71 102
93 99 211
113 77 142
63 40 173
70 66 138
70 99 280
74 99 20
113 83 45
119 74 121
87 99 102
119 35 284
87 57 172
99 35 225
77 54 102
54 37 112
93 40 144
87 118 189
63 87 106
35 70 190
83 113 146
119 66 151
59 91 198
83 121 70
99 120 269
74 93 227
40 113 67
123 113 45
121 113 225
35 121 263
40 87 278
118 35 104
87 77 45
120 70 42
37 35 266
57 70 178
57 59 173
99 83 92
123 99 112
83 54 176
93 59 42
83 71 253
37 121 93
83 66 4
54 93 137
118 57 215
77 120 20
35 91 166
59 66 158
121 87 103
113 35 202
74 77 166
59 87 26
77 119 104
70 96 246
71 57 156
96 70 280
93 70 79
93 113 67
118 119 198
118 96 70
74 91 2
37 118 23
123 83 154
121 83 141
96 71 77
74 121 37
35 74 238
96 99 200
63 120 214
83 77 111
54 66 224
87 40 57
70 63 206
40 119 241
66 96 213
83 74 257
93 87 57
66 37 190
37 57 38
120 73 101
74 63 138
40 37 209
77 71 293
66 93 190
74 113 270
119 40 272
73 121 154
113 54 300
91 118 225
73 113 189
35 123 167
54 71 184
113 71 62
91 120 171
119 37 151
120 57 23
99 40 117
63 66 102
57 54 164
71 120 73
59 113 247
121 93 221
123 120 211
121 59 182
74 119 188
66 77 165
59 37 28
96 57 119
120 83 123
74 70 78
83 87 156
87 63 272
87 119 162
96 119 58
96 37 76
91 35 110
121 57 238
118 37 236
66 35 88
113 99 214
57 71 206
121 37 181
113 120 170
35 57 113
113 121 124
57 96 130
96 118 175
40 59 183
121 118 174
83 70 11
66 73 18
59 73 124
93 63 218
118 54 267
123 74 96
77 96 116
96 63 85
73 74 237
119 113 48
37 77 101
123 70 297
66 113 184
73 96 97
54 63 19
71 87 293
57 119 34
40 120 251
35 83 120
37 91 45
91 54 27
66 54 208
40 54 206
54 57 253
35 118 179
96 83 114
99 71 111
66 83 212
73 63 62
99 70 223
99 93 251
54 73 274
123 57 252
123 118 106
54 96 241
91 70 38
87 37 197
91 37 249
93 119 251
83 120 287
73 93 160
66 40 102
73 35 235
99 66 66
35 40 5
77 87 168
83 119 213
35 73 88
57 40 9
57 113 46
121 73 97
74 37 247
66 120 180
123 93 284
91 73 10
54 59 251
40 35 225
123 54 193
70 83 188
40 91 234
99 91 26
59 121 202
74 66 141
73 77 99
77 99 23
37 93 107
87 121 253
70 59 245
63 118 25
74 71 183
83 59 146
77 113 298
118 91 90
118 70 116
71 96 297
118 74 6
99 37 242
63 119 20
66 74 292
35 119 269
70 93 76
120 71 44
91 77 262
96 77 262
74 83 46
120 63 247
40 73 125
