109 82 173 
118 82 230
83 68 250
46 122 140
33 122 203
116 92 131
46 64 106
33 65 268
67 118 161
64 92 284
82 116 246
46 35 78
33 90 227
54 82 193
72 83 176
109 84 268
90 116 64
33 116 270
64 109 34
67 88 93
90 79 266
83 82 160
92 118 267
90 64 94
72 79 15
84 65 35
65 54 21
79 109 81
116 67 57
72 84 80
65 35 206
88 67 274
122 33 63
79 72 247
72 90 91
90 54 188
82 84 222
79 35 290
35 68 194
67 92 99
67 116 191
33 67 2
88 64 84
68 72 268
90 72 87
109 90 276
79 92 234
54 65 150
122 67 133
122 92 244
84 35 231
64 79 69
83 65 290
72 92 183
54 90 81
82 90 280
46 109 114
84 46 126
33 92 265
72 118 206
88 46 226
67 65 269
88 82 141
35 83 3
122 83 110
122 46 77
79 33 54
116 79 265
33 46 2
54 72 275
35 118 205
82 83 136
72 82 253
79 118 295
46 33 229
88 33 195
116 83 137
118 33 44
90 33 299
82 92 92
122 84 176
65 90 133
64 72 25
83 122 219
54 79 137
33 83 172
72 116 83
122 109 96
67 79 288
118 46 102
79 88 225
68 90 70
122 72 116
64 82 227
68 88 26
72 64 238
68 109 258
72 54 222
88 92 244
109 118 28
65 82 241
46 88 300
92 64 43
109 122 297
72 68 248
54 35 126
90 88 241
35 88 173
67 68 196
82 65 25
72 67 223
92 46 33
83 84 113
92 79 300
92 65 228
54 67 14
79 84 236
118 65 259
46 83 72
64 33 176
46 72 65
35 54 19
122 116 116
64 83 215
72 65 253
109 88 216
67 122 2
68 122 289
116 46 22
35 46 162
54 109 203
79 116 114
116 84 38
65 83 109
92 90 1
88 118 45
92 67 228
90 67 80
54 33 93
68 64 147
79 82 89
118 84 55
54 88 67
64 84 35
82 64 142
82 46 285
68 116 251
35 116 172
35 92 26
46 116 258
68 92 174
88 79 192
92 68 163
35 72 110
82 33 75
35 82 183
90 92 245
64 54 91
118 88 22
83 67 67


