108 101 2 
68 112 55
51 71 254
54 51 21
112 126 47
126 105 298
35 71 204
40 35 40
68 65 285
112 40 95
65 35 168
112 68 150
112 101 230
71 126 170
112 108 161
40 65 55
44 54 81
40 71 65
71 101 90
40 41 194
41 44 63
65 51 170
108 126 125
105 44 171
71 108 69
35 54 205
69 51 213
54 126 64
40 68 206
35 68 139
35 105 249
51 44 106
44 40 154
41 112 76
51 101 126
68 41 297
108 35 125
40 105 144
71 40 300
41 71 226
69 108 8
126 44 102
65 41 25
108 51 71
44 69 19
71 65 150
69 68 132
68 71 163
51 65 117
51 68 99
35 126 255
101 54 238
65 68 245
105 112 188
108 40 290
69 126 60
126 112 191
112 35 220
112 65 31
68 69 130
105 40 26
112 41 40
126 68 89
105 51 103
69 35 158
40 101 58
54 44 257
65 101 158
35 51 299
108 65 247
101 35 106
40 112 73
68 105 189
101 51 162
41 101 47
35 112 103
44 105 60
65 71 166
105 54 245
105 35 244
112 69 182
105 68 250
54 40 228
35 40 58
44 68 162
101 126 293
71 44 276
71 41 50
69 112 120
69 101 167
69 105 212
51 69 185
41 65 99
65 126 121
101 105 249
101 71 22
54 68 241
44 35 181
126 40 219
54 108 176
101 44 175
35 108 78
41 51 113
44 126 183
126 69 238
71 35 163
101 68 204
41 69 33
40 51 182
112 44 150
108 41 141
108 44 263
41 35 171
108 68 87
126 51 102
41 105 167
112 51 94
71 54 135
112 105 109
54 112 238
69 71 39
51 126 276
126 101 92
126 41 41
126 71 100
40 44 168
105 69 154
112 54 61
44 112 297
44 65 271
35 101 180
108 71 27
68 108 243
65 108 194
44 71 41
112 71 233
105 71 51
126 108 247
35 65 100
101 41 98
68 126 279
65 105 176
68 51 15
69 65 47
105 126 79
71 51 169
69 44 130
101 40 23
40 54 224
71 112 21
54 105 219
126 65 133
105 108 274
108 112 38
51 35 187
69 40 111
54 41 117
126 35 284
101 69 206
35 69 55
40 108 104
65 69 239
44 41 136
68 35 216
69 54 105
35 41 174
54 35 215
51 105 269
51 112 152
126 54 276
65 40 204
54 65 104
41 68 264
51 40 104
65 112 145
108 69 269
105 41 22
41 126 127
40 126 159
44 108 109


