57 106 217 
43 38 137
113 57 265
89 113 58
47 89 261
43 78 264
91 106 226
42 86 120
37 40 39
47 115 268
108 42 228
106 91 148
36 57 279
113 36 29
89 47 226
80 42 15
91 115 276
82 78 53
43 69 38
36 82 45
40 80 195
89 57 74
80 78 81
42 43 258
69 37 158
78 37 187
106 69 36
106 41 70
36 113 29
41 80 285
69 89 5
115 38 296
41 115 263
86 38 36
113 80 14
42 47 257
78 43 142
37 86 249
108 47 279
80 37 266
37 57 110
57 108 214
115 69 203
113 69 177
106 115 238
57 42 254
41 108 55
38 78 17
108 80 102
40 38 262
43 91 193
80 47 98
37 47 112
78 36 76
69 115 212
108 40 185
113 106 6
82 38 31
47 41 201
37 80 269
89 115 272
113 38 82
86 113 18
40 37 179
82 47 137
108 82 170
37 69 229
115 113 96
80 108 45
47 113 91
82 108 186
57 43 94
40 42 203
106 78 226
36 78 76
41 86 213
38 69 269
37 78 45
40 43 45
106 37 287
36 37 186
86 41 217
115 106 130
57 115 51
80 106 185
78 86 182
113 108 288
113 115 57
38 37 40
47 82 78
42 115 21
41 91 241
41 106 29
78 42 249
80 91 16
108 106 154
115 40 256
38 82 267
89 82 246
78 69 251
47 69 104
86 115 199
108 36 94
115 91 172
106 108 66
78 80 11
113 89 239
91 43 238
40 91 216
40 113 179
43 108 298
57 37 131
41 89 61
47 106 270
40 36 182
69 40 243
108 91 218
38 36 234
115 80 129
47 42 115
78 108 218
42 36 70
91 108 109
115 36 237
42 57 197
108 69 251
91 41 203
115 108 38
86 47 231
69 106 270
69 78 25
115 47 81
108 43 279
113 42 148
42 108 225
113 43 285
40 78 40
113 37 268
86 36 145
40 57 95
37 42 233
37 89 105
113 40 114
41 82 137
57 89 219
80 41 196
82 89 242
43 86 295
80 89 71
38 91 10
37 43 226
108 57 121
82 36 50
89 86 297
40 108 155
57 91 70
82 69 227
36 38 50
42 80 65
43 89 192
82 91 2
80 40 141
69 82 47
80 86 250
108 89 92
43 115 228
69 38 111
43 41 223
80 69 150
47 78 197
91 113 159
69 43 281
82 86 231
106 47 271
89 43 85
108 113 160
91 57 274
80 57 194
37 82 186
47 86 95
43 80 5
57 36 296
42 89 127
89 91 58
86 42 97
57 69 165
57 40 67
69 86 70
106 40 216
113 78 25
36 40 33
78 40 125
42 113 300
42 69 6
115 78 10
115 86 62
43 82 20
115 89 268
86 40 285
69 108 271
106 36 211
82 41 102
82 113 290
106 86 234
91 47 72
82 80 162
38 115 151
78 106 7
38 42 228
36 43 70
113 86 82
115 43 61
82 43 200
38 89 99
91 69 283
40 115 275
36 108 180
38 108 172
89 106 281
47 108 230
106 42 19
41 40 136
47 57 282
113 82 274
106 113 298
38 86 237
91 40 240
106 82 88
113 47 163
57 82 252
78 91 254
47 37 290
38 40 125
42 41 231
37 38 126
89 41 269
43 57 31
57 86 48
42 40 27
80 43 45
40 106 196
42 38 233
40 82 142
47 36 110
42 37 99
89 78 5
36 86 294
82 42 93
47 91 30
37 106 114
108 38 73
69 80 210
41 57 181
36 115 70
78 113 262
42 78 7
86 80 171
41 43 14
80 113 132
42 82 96
106 80 4
38 47 13
91 37 20
41 38 207
36 42 115
91 86 137
80 115 296
57 113 197
82 57 229
89 38 226
40 86 122
43 36 129
113 91 13
43 47 88
78 82 48
69 41 207
89 42 182
43 106 84
41 113 89
47 40 113
108 115 130
106 57 10
108 86 66
82 37 181
57 38 274
82 106 167
78 38 140
36 41 163
78 41 133
38 57 291
37 91 12
89 40 283
41 37 195
43 40 287
57 78 193
37 115 237
91 38 11
47 80 158
40 41 259
91 36 199
57 41 219
38 106 209
41 78 294
115 37 40
115 57 111
69 47 107
69 42 136
86 69 237
80 38 156
37 41 181
115 41 145
106 43 248
37 36 233
80 82 289
86 82 44
86 91 183
69 91 81
91 78 67
38 43 101
37 113 150
115 82 134
86 89 241
91 89 129
106 38 47
36 80 63
113 41 191
47 38 255
78 115 200
91 80 57
89 37 147
43 42 185
41 69 29
91 82 195
57 80 98
69 57 107
78 89 9
41 47 161
115 42 89
38 80 1
86 37 104
106 89 252
40 69 188
38 41 214
40 47 118
36 106 50
78 47 229
40 89 76
36 69 174
91 42 253
86 78 292